25MCMI15
Gedela Uday Kiran
30 45
32 50
35 55
28 48
36 52

25MCMT12
Ram Krishna
15 20
18 25
21 30
24 35
27 47

25MCMT37
Anand Kumar
35 42
28 35
25 32
22 29
19 26

25MCMI24
Ravi Kiran
23 30
20 27
17 24
14 21
11 48

25MCMT30
Ramesh
38 30
30 40
35 45
28 42
33 50

25MCMT41
Suresh Kumar
25 35
28 38
30 40
32 42
34 45

25MCMT42
Harish Reddy
20 30
22 32
24 34
26 36
28 38

25MCMT43
Vivek Anand
35 40
30 38
32 39
28 37
34 41

25MCMT44
Pavan Teja
10 20
12 25
15 30
18 35
20 40

25MCMT45
Nikhil Verma
28 45
30 48
32 50
34 52
36 54

25MCMT46
Karthik
18 22
20 25
22 28
24 30
26 35

25MCMT47
Manoj Kumar
40 60
38 55
36 52
34 50
32 48

25MCMT48
Pradeep
12 18
14 20
16 22
18 24
20 26

25MCMT49
Rohit Sharma
33 45
35 47
37 48
39 50
30 40

25MCMT50
Abhishek
22 30
24 32
26 34
28 36
30 38

25MCMT51
Ajay Kumar
16 25
18 28
20 30
22 32
24 34

25MCMT52
Deepak Singh
29 40
31 42
33 44
35 46
37 48

25MCMT53
Naveen Kumar
14 20
16 22
18 24
20 26
22 28

25MCMT54
Sanjay
34 45
36 48
38 50
30 42
32 44

25MCMT55
Kiran Reddy
26 35
28 38
30 40
32 42
34 45
